[
  [ 22.35953, 87.29642 ], [ 22.35988, 87.29637 ],
  [ 22.36, 87.29655 ],    [ 22.36069, 87.29854 ],
  [ 22.36156, 87.29845 ], [ 22.3618, 87.29825 ],
  [ 22.36179, 87.29799 ], [ 22.36179, 87.29799 ],
  [ 22.36072, 87.29842 ], [ 22.36072, 87.29842 ],
  [ 22.36093, 87.29833 ], [ 22.36066, 87.29825 ],
  [ 22.36005, 87.29665 ], [ 22.35967, 87.29662 ],
  [ 22.35924, 87.29529 ], [ 22.35872, 87.29463 ],
  [ 22.35789, 87.29166 ], [ 22.35727, 87.29159 ],
  [ 22.35688, 87.29177 ], [ 22.36905, 87.33868 ],
  [ 22.36974, 87.33996 ], [ 22.36965, 87.34078 ],
  [ 22.37112, 87.346 ],   [ 22.3723, 87.34863 ],
  [ 22.38043, 87.36367 ], [ 22.38139, 87.36578 ],
  [ 22.38166, 87.36673 ], [ 22.38145, 87.3702 ],
  [ 22.38171, 87.37063 ], [ 22.38214, 87.37084 ],
  [ 22.38262, 87.37079 ], [ 22.38301, 87.37052 ],
  [ 22.38324, 87.36977 ], [ 22.38256, 87.36849 ],
  [ 22.38146, 87.36796 ], [ 22.37465, 87.36868 ],
  [ 22.37375, 87.36889 ], [ 22.37295, 87.3693 ],
  [ 22.36724, 87.43264 ], [ 22.36872, 87.41906 ],
  [ 22.37715, 87.39305 ], [ 22.38996, 87.39305 ],
  [ 22.38996, 87.39253 ], [ 22.39022, 87.39253 ]
]
65.15442605266823
