411012
500009
380009
370201
500037
201310
400022
500038
400710
131027
500003
502319
131028
600058
400053
520007
401506
580114
500026
370240
371775
411038
201308
247667
122101
121102
110044
302012
344022
301019
274802
272175
272302
201010
221003
201009
851134
848114
842001
848130
824205
848132
800008
801503
835222
827001
768226
751015
768006
754025
769004
751024
492001
493221
482002
454775
485111
454446
361008
365560
391346
390016
380054
416229
431507
412216
400078
400059
400070
412111
400701
440014
580024
586201
585403
577522
572101
560099
561203
585320
560058
560062
560038
585222
587122
585292
560026
671321
670307
670141
670502
673010
670002
670301
671121
626125
638302
635001
603406
641301
641062
600089
600098
600067
600123
600001
639114
507001
509235
502301
500055
509381
500039
500072
500029
500090
502325
506331
500043
500070
501301
500082
508207
502329
500051
500011
500015
523270
521211
522413
517001
530046
516390
521180
516002
520002
521101
520008
530001
520004
000000
110006
180004
190001
180016
180012
180010
180001
181133
182204
180015
191103
184121
192121
190005
180003
191131
182145
173213
174001
175125
177220
176122
141001
140113
142029
144021
141008
140603
147203
140301
141003
141010
145001
160062
151001
160104
160026
160001
160101
249403
248002
247661
248001
263153
246174
249201
248160
262401
249137
249245
246429
262308
121003
124507
134113
125005
121004
122413
122001
121106
122103
121002
122002
131001
122004
126102
135001
121001
132103
110025
110064
110020
110078
110042
110019
110028
110048
110018
110034
110017
110036
110049
110092
110002
110091
110005
110041
110033
110077
110054
110076
110007
110059
110037
110074
110051
110094
110039
110075
110063
110032
110024
110040
301030
307019
302001
302029
305023
302013
305801
302006
312021
303301
324005
313004
313003
305001
301707
344032
334601
302021
301001
344001
342012
313001
344701
342001
341318
334003
342005
342026
302039
344031
302003
344035
311001
342604
341001
323614
302004
334001
311603
344012
301026
342008
344708
302031
342303
201301
201304
203207
201001
201003
208001
211003
247001
281001
201305
226024
231304
201306
273010
208002
226012
222002
208003
201007
272002
201004
272201
244222
208007
274304
277202
221309
201014
281004
207001
272001
271841
231001
243302
221202
231210
271603
226007
208021
231309
800013
800001
851135
800014
800002
800007
800020
823001
824101
851201
800009
805110
845438
803118
800004
824118
800012
844120
803101
803116
852221
852129
800006
854304
841425
845306
841216
805130
841428
841503
802162
843113
843111
824207
804453
821109
851114
844116
841438
804418
802157
803302
841243
851205
845451
823311
853201
848201
847226
842003
821113
845458
841226
821108
788005
782120
700019
700115
700020
711101
711302
700001
700039
713203
711322
700071
700004
700023
700027
700024
700053
700135
700091
721304
700089
700054
700012
700149
700110
700007
700028
711313
700073
711104
700129
700101
732102
721631
732125
721102
732128
741137
732124
721458
721603
732207
743357
829112
834001
835103
834008
832105
831012
826001
822129
822114
822124
825408
825401
822113
829202
828202
825321
822120
825311
825312
753021
753001
759111
768202
752101
769011
755026
754200
751009
752057
751002
768001
770017
767001
753015
752055
755008
751006
761010
754211
751020
757037
754141
768201
769041
753004
754142
756119
761007
758043
754120
761012
751010
756181
768005
758021
754021
766012
766023
752031
754008
756164
754215
755027
761027
767016
770018
756130
755007
766107
770034
767026
756171
768219
755014
768106
751003
760002
756129
770001
762015
755019
755036
758015
754205
768002
752050
755050
759121
751031
756125
759016
756111
764047
756116
751021
767062
766026
755023
759025
758020
759013
755043
756120
761013
755004
766014
754217
754006
759122
768112
759017
754204
761141
755017
754119
754223
754140
491001
490036
496001
492099
493195
490026
491441
492009
495677
494001
497220
462021
462001
452016
474005
462046
452015
476444
458470
452010
462023
452001
486889
452004
485773
455227
455118
482010
472115
453331
484001
452009
474006
474001
455001
462042
452020
476516
452002
452012
474011
390013
393002
382729
382721
394270
380018
362715
396171
389350
382330
396185
360311
390019
392230
390010
396125
370130
382170
382445
390014
382427
370110
391750
382210
388121
385110
380007
370415
382430
391770
391243
384002
380015
390001
380025
392001
382710
396170
395002
396001
380051
392130
380001
390007
394670
380050
390020
370150
380005
382443
382415
380055
360110
382110
382449
383001
394230
382213
391775
396191
390021
391760
360003
382475
391520
380006
360004
380061
391510
390008
382405
390002
360550
364001
380002
370421
361140
390012
370205
380013
360020
380027
382715
361006
394650
391330
389260
392140
385340
387530
387325
396193
396230
396210
396235
422007
400015
411019
410208
442406
400030
413215
411026
413133
410202
410507
400021
400705
400034
400079
410506
410501
412202
400013
442908
422010
410218
400703
400075
412303
412307
402107
400020
425001
400708
411013
411018
411045
421304
413255
442917
402126
400101
400086
441404
400064
410210
400051
400072
412209
442502
400063
400604
414111
421506
412214
440016
425003
400614
440028
400601
440008
412106
401208
421601
416112
411030
422113
416519
410206
400067
400102
401606
411033
411058
400043
400058
400607
400093
444606
416552
440018
431003
400068
412108
422403
440013
441122
400080
410203
400031
411046
400002
411014
422103
421302
411023
400004
416416
400003
411009
400103
431133
400097
411006
400098
400099
411024
422002
411001
400615
401202
440026
400007
400074
400709
411002
412208
431136
411048
411037
400091
442001
421501
400052
413107
424304
415523
401305
400037
441002
440001
422606
416003
416008
400612
413002
411029
444601
441110
416415
431515
400009
441108
440002
422011
425412
411034
416115
431001
445401
413501
416122
413405
411041
442403
412801
560080
572128
560041
585305
560025
560001
560022
574149
583275
570016
560010
560105
575030
590018
562123
560002
560042
560100
580030
562109
583102
560072
562132
562111
560070
575001
560032
560086
560004
560091
572104
560027
591136
560043
560092
560046
580021
575011
590008
560044
560031
583119
583201
560073
560003
560083
563130
562149
577535
590002
560095
560013
563101
561208
562101
572123
561204
583123
560053
582101
577519
560068
577228
577501
583231
571401
562114
586210
560050
590001
575014
575019
580011
586111
573103
571430
572107
591109
560049
586209
583135
561202
562117
586217
583129
560087
586203
583101
590016
575015
577101
562130
562110
562160
570011
577550
573127
577527
560045
560018
403526
403722
403006
682003
670501
683573
683501
682024
682022
670641
682025
673655
673005
682011
673631
671316
671531
682026
683511
673633
670563
682301
671315
683563
671319
673328
671541
670306
671124
603004
600117
620014
600132
603303
641005
600043
600008
602117
600041
636453
600108
600119
631003
600101
600003
600028
600032
635109
600023
600044
641049
600096
600016
641021
600004
602105
627356
600057
600124
621651
600125
600095
600048
637209
643006
600006
600053
600102
643001
641015
603210
600099
641113
620008
600069
600056
638301
641009
641018
641006
636404
628008
600050
628721
641004
606755
643209
621313
627657
629162
500033
500053
500076
500016
509301
501401
500018
501505
500034
500001
508126
500085
500020
500027
508204
500004
502001
508246
505215
500078
500012
502285
500100
500084
500083
500081
502307
500028
500057
500049
500064
502296
500077
500032
500060
501218
500073
506002
500087
502248
500079
500098
500013
508213
500046
509382
500014
500092
500007
500059
500050
500062
500044
507208
509001
500067
505001
502334
507115
508210
500017
500096
501501
500061
502255
500047
500080
505481
500089
500045
507170
500097
500023
500052
505208
502291
508114
501304
500195
502300
500042
508279
500054
509103
500068
500074
500075
500095
504208
500094
500006
509219
505526
509209
502313
505172
530011
500058
500056
508001
500036
500008
500010
506348
500040
508254
502032
506345
509228
509351
500048
505530
506001
509201
503306
508374
509375
508211
502278
508116
507111
505416
505184
506330
501510
505302
509327
508112
502114
505101
506324
504106
503122
505532
503111
517619
520021
522437
522601
530007
515411
521229
530003
521139
516311
517588
530020
517520
530012
524402
518508
524003
521457
524410
515408
530031
524004
517501
533101
518002
521178
521108
530029
516004
522614
517646
524001
531163
516433
522414
522009
516289
520001
517641
521185
533004
533106
522001
533287
524126
521137
518124
520012
530009
522017
517502
520010
518001
515001
521165
517432
516003
524142
516310
521228
533296
534350
522003
522503
516309
521201
522302
520011
522403
516001
517503
530051
534102
521212
533240
516217
523001
523101
518422
524002
530013
524005
515211
517640
521120
522619
523226
523331
518003
522426
523305
533124
522006
520013
530018
533221
532216
521001
534342
534312
523371
524309
522617
521256
522101
524341
522501
518501
517194
523108
522306
522502
533003
532212
533107
523326
533001
534005
533103
516434
517589
534341
516431
521215
516233
534452
516329
530026
518222
533253
517541
515301
522661
516227
522436
522311
534146
533223
534315
522002
518511
531020
522660
523111
523328
516454
524201
843311
854112
843120
843129
848503
824112
824111
844122
395004
835230
829206
825322
560034
586115
560060
586212
577538
470775
431122
759120
756132
762020
756020
756131
637018
635852
636303
509409
508355
731301
741101
741126
741155
742402
741501
741156
122017
224206
273413
284405
723133
2629
77086
29027
6281 RJ
239693
181 29
21604
79650
30861
803301
507003
508206
520003
590006
181201
174101
147301
141112
131402
110046
344034
344024
345021
281403
250609
201309
273015
233001
262701
272127
211004
273201
201102
274301
231213
272151
824208
851210
803212
803109
851112
800025
824201
824303
851203
781128
712249
721657
711411
712250
713357
831013
834009
828303
835217
751007
758035
755018
470117
450337
450331
363421
360022
360002
392015
416005
400001
421311
400018
583104
560066
560033
583131
680667
671533
690531
635126
641104
600073
501504
509102
500025
508252
500019
521301
530045
532459
523201
523316
585223
225124
180011
141109
145023
344026
209862
801103
768212
757081
768037
768032
457001
465333
560040
683574
683565
600033
600002
500030
522034
530040
523301
533435
517644
380023
560094
140507
631151
842005
751016
804406
225405
305901
490042
759128
412201
754100
831018
132001
581110
583103
572157
591129
686010
302016
683103
683506
208022
221005
700017
462043
844504
493445
844503
562106
110001
416001
825403
570017
415109
671123
184101
416000
453441
700022
495001
380004
575003
800024
273001
306709
533125
226016
382428
620001
700026
110003
390005
400069
388325
203131
415119
416103
221204
575005
493331
416004
577002
560011
452006
591113
800011
575006
711106
626004
670303
851117
395010
600103
600029
517214
390011
227301
462038
201002
245101
444104
583115
450114
572102
823002
591118
522647
585102
575010
641041
848101
180005
518004
800026
500063
416230
500035
670504
533104
500005
226019
524101
524304
804408
824231
171009
641401
671323
201006
636004
416002
600116
431114
131029
560079
603110
517642
190008
132140
431503
766018
133101
400065
248198
122503
416436
401210
600106
829143
480106
767002
221001
766020
174103
110088
401501
121005
843114
560048
621316
517505
110058
401105
208020
415521
484224
226011
560102
700006
400606
231207
515271
600034
670004
844101
431112
431117
431005
811302
671313
181205
751019
766017
641017
400706
400066
523230
246149
249407
389330
201016
250502
431206
424311
845412
813104
600097
754202
670315
671318
413517
506112
848205
488441
392220
517569
124505
416410
670643
676552
515871
444505
585355
390022
412114
506143
754294
531031
501203
641407
517645
583277
583219
584121
360021
505301
395006
502103
425418
184151
831009
303024
400029
380060
585237
603209
767020
110043
380014
400092
600077
534320
141421
516193
431602
416012
834002
804422
804403
587102
626130
411005
522265
144004
841207
360001
453001
641002
761103
400071
590011
591241
400049
625003
700072
416234
757001
515110
450001
389154
454774
700068
601201
343029
141113
342027
503185
624401
132041
682035
475220
360024
151103
841129
517325
505327
131039
700013
627116
524344
208012
825409
451115
123501
486886
470002
805105
495671
431701
416101
515004
605001
473110
522007
700046
282001
582118
425404
821307
391350
370105
263152
501512
431808
201307
517132
531055
531011
506223
442305
174201
520040
581350
421505
246171
700060
412207
581213
767033
342013
521110
400610
507182
641038
721330
461111
452007
482001
560064
226010
828111
412110
523002
396105
173205
800027
496661
478449
489748
521175
431007
523329
560097
382150
382350
756030
209729
586101
509406
804432
532230
844102
344703
732208
283102
641012
380026
683102
421306
251001
522018
711113
641605
600112
626189
523105
201015
843104
457887
431708
766013
208005
400088
493332
626001
462011
493196
580003
533005
761208
470004
110045
585224
456664
700005
843110
284003
641027
416216
802129
518010
441104
767023
670571
530037
625001
414001
465001
391240
365541
201012
562104
416113
473551
431807
844505
767065
411004
604001
800003
415002
480001
700016
516362
122012
788025
391210
486001
585220
517172
562129
124001
500024
110066
485005
524310
411007
591102
523112
506012
431601
627002
390009
110086
583278
605010
500296
761206
122102
507002
415611
605602
226006
400010
585215
636455
560071
458110
584125
509153
272153
482004
562105
457661
440025
360005
273155
560090
364002
700069
212107
342023
503310
364240
202001
231205
122016
577006
509216
313027
700156
362150
458441
533239
413512
506167
272208
382355
444402
122003
523262
518112
110026
811201
639201
132113
851122
444102
627001
521136
207123
521149
627152
411003
110015
226028
462026
411035
221002
411042
670703
583238
363641
517506
680741
583234
416310
411040
761042
572132
110029
531061
456006
600076
761020
485771
842002
854301
521369
401404
639001
627005
562157
508201
370140
401107
276121
396195
534002
585401
627109
122011
342003
842004
190002
431801
431704
401502
127021
444401
638107
431745
431802
400605
301701
711108
534340
380016
442402
184102
444110
247662
641654
184104
767037
431002
574219
531021
444501
517173
532445
673101
641048
456010
444403
562102
431702
444002
453555
531035
444503
416114
509120
501359
591307
444001
134109
485001
422101
140401
585216
122018
480108
421001
470001
122050
801306
759019
743128
382315
761018
400008
182144
465106
515291
600049
385360
312601
521456
431208
250110
584128
431107
423702
400033
324006
174024
140308
390004
421203
501141
415001
444107
517235
411027
814133
587101
400083
531019
400000
587301
380052
175121
416507
524413
457888
181132
635114
670005
411052
501511
803213
203205
431121
390023
385210
503187
767032
533238
249402
431204
524305
517101
804452
523211
225003
110084
245206
380045
272207
394510
452023
416312
391440
301705
421401
785640
516360
580008
391776
225001
248019
700132
184148
751022
452018
306307
631701
281006
400023
532440
491107
673006
832401
560082
302026
410207
845411
581205
201005
517507
804451
695040
572138
673011
629401
302005
641050
246443
302017
821301
824103
571301
585316
600026
600115
507167
505445
533105
533002
517193
530048
523247
180007
182203
191202
182148
184143
181152
191201
175021
175137
173025
174320
122015
124501
125121
110096
110062
303007
305601
311026
321001
311301
345025
345001
311804
311024
341510
332406
311204
326512
344033
328021
211002
206001
250103
282002
226025
209732
211008
275305
230129
231501
277211
277401
274204
246761
273407
231211
224210
274302
233303
231310
221106
272205
228171
285205
231301
272162
282005
274201
225404
271502
276122
274705
277001
272177
271855
272301
281205
281202
281306
273209
273004
824211
841233
841427
805123
821312
852123
841501
805103
845406
805131
841436
811104
803115
853203
852202
823003
841440
790114
781316
781367
781309
743297
721424
732201
712248
743251
732139
732142
723143
732204
741502
735211
742202
742135
700150
732138
825405
829111
835204
822125
825324
768028
756081
753014
754001
770039
759001
755012
754213
769015
752077
768200
767040
751001
754206
756135
752035
754109
755001
766002
756056
767017
768027
770016
768211
756133
756100
754207
770033
754289
755009
758001
751014
759024
462022
470113
451001
451447
483113
382220
390003
828203
396155
390015
382421
385410
363621
382765
363040
370001
361305
395009
370465
382470
365545
382440
370020
389146
365410
370410
370155
391740
364470
389190
382481
384325
394326
400011
413132
400062
401104
443301
411032
431401
415506
431125
414502
431501
431123
421005
431201
442401
431130
411017
413310
431203
415004
413101
431415
431504
442104
413108
580001
561209
572141
562125
570014
560078
586108
560008
585104
581306
582115
584122
583227
562119
585327
585105
577004
560056
573201
561207
582205
560020
587118
587154
590010
573134
586127
576212
582102
577521
560067
682033
691583
679324
673301
670327
600036
631561
600018
600088
600017
600082
637001
637003
637017
637019
601102
637404
629153
630002
628005
641035
628001
636007
628592
636704
635306
635803
627755
628714
628103
506004
500661
502336
506319
502320
505187
505451
500002
506222
507117
508365
505209
502295
500065
509380
506172
506371
509215
509104
506151
506009
505415
506302
505452
506015
502286
507101
505467
503302
505514
503001
505531
504296
503224
504299
505425
504201
507161
502372
509371
508223
508278
505469
509205
506169
501509
506315
530016
516164
516269
521163
518442
510001
516203
522411
530017
534001
532243
533461
524346
523330
518533
533248
523225
520015
515521
531001
515863
521157
523273
530044
518466
523302
522005
521245
518220
532201
518005
523369
516259
518350
516267
523170
523253
534227
521403
515591
518464
522201
524203
523327
534301
524236
524321
524222
533210
175008
721632
522317
515122
533229
533344
533126
532220
516503
522657
521325
521333
517247
535124
524315
523114
518467
524228
517581
843107
848236
841504
495668
394185
363650
389120
822126
825412
829209
815351
822118
577598
577528
562112
415508
413202
753012
754028
762016
636354
505211
509210
504251
506343
508256
502276
506132
502314
509411
506252
732206
733201
742165
735233
743378
736165
733210
735210
741404
741125
122051
501403
228161
755005
20055
453771
182143
182202
143601
249001
246444
248197
123106
335513
321602
303805
303706
333001
342312
344702
208010
226002
226022
226001
274403
226020
209625
272155
231312
285001
231302
212303
261201
226021
261203
272131
274405
230136
261206
273006
205001
227813
261207
272123
224122
273003
271504
272124
250401
262906
222001
272206
222301
208027
272182
224001
229125
273016
231226
272181
202137
242307
277303
272125
272126
272163
221507
272128
205268
225409
225125
272176
231306
283136
272130
224208
225121
210001
225126
273404
273303
226003
225403
283104
204213
210507
273157
231305
228121
231303
272190
210427
221508
271306
211016
230135
205303
210502
800023
841211
802101
851129
848505
845449
841301
854105
841407
841409
852161
788004
742122
829149
825101
753010
759014
754131
754160
759023
461331
465441
477001
465685
486661
476001
486002
455459
361010
415540
401504
415517
440017
415509
570018
585421
560016
577502
581355
585202
560057
583203
695513
673002
641022
638002
641402
626101
637412
638503
614615
508202
505462
509206
530027
518401
533437
516501
535215
515711
533428
534313
533211
517352
524345
522304
522004
533293
524322
518543
533214
517112
534003
845301
583225
591111
741121
496440
506253
277207
508247
231208
505032
822132
583222
509358
844111
768049
852213
768017
182201
145025
262402
110081
326036
342006
203398
246701
250002
229206
243122
274407
243001
221311
246746
204101
854113
822128
825411
756144
762014
754009
768203
465661
413001
560047
560024
572218
586104
670302
637406
508277
505454
515305
524129
522412
508208
533247
533445
721150
841210
533450
754225
534302
770002
632103
560108
636458
500104
411051
272165
845418
283110
224133
475110
451220
221105
247122
476115
272173
274406
272195
272192
272171
574197
400057
848506
534432
851101
344037
854104
225119
324007
534007
841101
272194
711312
342037
584162
515581
272271
342014
641045
342801
518523
521104
855101
636403
261135
516464
732205
767035
508244
754035
465680
636705
221010
760001
822102
851204
582209
534218
600118
458888
394210
713152
401607
505305
515787
455332
583137
760010
182146
400084
465683
465687
629167
560077
225415
190004
845401
211019
845416
562120
476337
465674
181221
635307
805107
160022
400055
524312
244241
272178
231216
272191
413109
577180
524408
232101
560052
761118
845106
763008
248196
465220
323303
382480
328024
611109
500069
516312
277209
440022
228001
305627
560054
445202
271313
248158
244901
303005
563102
144949
770043
521235
410209
586214
534331
303102
501503
225207
326022
625006
190017
249141
508205
533201
284204
534461
334023
413111
635653
683562
176313
248007
587207
450554
370405
521230
413004
741157
670308
641001
533289
852217
625701
271830
784116
524314
272164
462024
532409
524343
751012
486771
766019
841506
226501
811103
272129
516444
506342
416202
441702
742148
523109
226023
271801
848129
400025
504292
521158
533220
508286
271001
263139
272152
412220
249161
246733
845426
742134
224190
852106
741152
401101
533255
151301
335501
841424
802218
271402
233221
855107
273007
400054
440023
521107
713148
835206
829144
841215
602001
490002
502316
530043
811311
272150
845422
281123
221004
509135
401209
515631
757026
757017
847213
500088
754105
523245
518599
517416
851214
226301
517526
517561
484440
743290
274601
754224
825301
670631
682036
627860
521133
781313
497223
454116
822112
400603
722205
853202
626131
676312
505212
752002
766001
766037
518452
209801
721427
110014
274502
523212
534202
583120
400081
421201
534260
508025
813102
814146
732431
225411
274207
533286
518380
761001
847402
768215
562163
824219
282007
171401
221602
506349
768218
805104
390024
577005
311403
363002
452116
455223
759039
843316
232333
313901
587115
741238
244225
262902
181101
143534
744349
421202
518502
843119
532213
532242
533432
363642
184144
509125
804420
825406
421204
534208
272204
400089
844113
532219
766015
452003
825323
822110
755024
515415
516474
915415
824501
683545
758013
209401
524320
759020
571428
533006
735212
283114
742149
680689
221104
851216
442707
392110
733134
221304
834003
523265
523223
670633
209402
421503
571425
621109
229124
533016
781319
586118
283111
517425
585201
585219
421301
533216
482109
482072
628952
244255
523373
516247
841205
182311
574313
585321
626106
622003
521150
225413
852201
851115
242001
732212
765006
455440
533102
824143
523166
521225
249132
226018
518504
272172
534450
821305
530002
827302
416221
209825
515414
824124
841241
723131
622412
403115
586117
591234
755045
752094
522257
508217
534101
743347
673634
814153
581115
211001
534006
532290
508376
560036
686577
147001
523168
182205
451335
416208
854334
181141
585291
632006
635654
226004
516172
757105
505185
247121
627103
485446
641034
515445
765017
282006
682018
506313
248165
515832
721144
736146
629172
209871
841439
629158
637213
741223
781317
624005
767030
465697
666755
509110
733129
754112
202123
282010
332712
500091
332701
805236
825103
854202
741317
574210
627414
453551
577547
846004
757002
534416
700090
743134
534112
831005
625103
534207
712415
212305
834004
824233
848115
516293
301406
532312
180019
733102
845459
854117
534128
209651
845420
791110
242042
516128
145027
506370
757025
422206
229405
475661
249186
670593
686510
535557
222180
413503
415023
416201
413113
184142
413204
416011
627112
625706
416405
625703
242221
522402
731201
411507
273212
759126
752011
422202
416210
844117
591229
395001
283105
521151
764074
495115
721456
822121
249175
811105
759015
416007
624306
637303
533212
506314
801303
782104
524230
508253
587111
586211
206124
756114
481436
210431
233305
761043
274702
531036
303802
421303
523240
683542
443203
442302
221709
752021
754221
626607
625011
360575
500086
843102
637205
821302
431103
416006
416205
518225
345028
802152
248171
721654
522264
768222
583128
244221
225412
822117
413104
524306
825313
413532
272270
758002
501302
761030
627107
629161
627108
230001
533290
843125
843327
241123
626104
801110
625009
625014
623603
764087
226008
625704
630561
416209
460001
732126
841239
625016
229801
627117
334302
636116
523274
590014
402106
506165
816102
742405
828109
754138
759143
786152
722101
843101
825320
767039
700029
244412
630611
733208
577301
210429
333307
224123
804427
122107
736157
855115
846003
814102
560103
845101
175105
505476
457226
607301
626005
756001
841508
843153
524412
586208
700144
721649
342305
342028
184044
212208
506164
385350
835303
518553
523320
641020
577553
515124
733125
722164
608601
242401
210121
209731
783360
283123
328027
515402
243751
243722
843109
431514
283204
328025
283135
283203
283125
303908
209111
843103
523357
400056
560085
281502
281122
205301
847115
283101
241201
815314
123001
754296
585309
362268
761102
825413
627855
515865
509105
577213
502331
473331
577146
506101
824113
768234
625005
400012
560061
175005
342024
222139
585290
585303
400077
532284
230201
829150
765020
768029
743263
205145
232109
733127
609607
413523
804417
804419
828306
522019
768033
184152
764051
854330
227305
503217
209831
209827
229001
583220
205119
246475
751018
851220
534216
476111
572211
474012
283122
476224
274001
283141
302015
282004
328001
283202
535003
756042
844118
844119
209723
743232
391430
742189
431135
770075
736204
824115
465110
721433
283113
509217
205262
638001
500021
742121
413404
209214
176022
303604
303806
845404
466116
570019
206242
505210
495556
505021
322230
465447
465550
638460
465689
465337
762030
723130
671314
821107
804407
627201
851211
465679
580004
625536
574243
507157
305802
226005
326023
466125
206303
244410
209502
207302
627851
361160
826004
412308
226030
242306
209206
209721
242407
638311
629166
207502
332001
803202
273008
829211
586207
535546
522508
803107
841212
690522
531173
523246
122508
583237
273306
586120
110030
471010
843127
585330
571201
831011
524131
416204
851212
518206
733209
713210
755015
524414
641023
465226
226101
534316
458001
743383
848160
283124
207247
742175
752066
641697
208025
209859
227308
801109
577515
577554
225401
262802
577751
602026
577548
276124
586122
516380
586103
586216
638008
723201
636903
577302
524121
854325
522439
523155
203409
284401
208024
582113
182125
121105
517424
608501
754222
581118
212302
207249
625402
144001
844115
627751
641604
627359
641014
524132
303009
625007
695132
501106
303702
224195
636307
440015
635601
456661
326034
713101
209601
523227
803111
516505
413307
523167
732103
637101
458775
472001
472111
530008
532222
224141
621115
222165
110085
284202
209868
241301
635122
431132
321028
821115
577701
586206
311802
277302
591124
413117
535579
756080
532221
245205
227131
110022
191101
271881
226017
208011
228132
244001
247341
742302
518221
587103
457990
505102
403521
523334
627756
410504
534281
832303
577530
122108
626110
516355
370435
305403
424201
803221
274703
518218
743371
636502
585443
160059
585214
757043
208017
521162
517299
505525
683541
201204
760008
516216
583236
754110
385320
385565
273002
465693
362275
768036
824202
283115
508266
801102
755013
732123
586102
824237
508243
845305
606103
623604
507209
732203
431513
814112
829122
272154
303008
834005
209201
828305
185203
824232
221701
421004
824120
110055
788734
802214
321204
416213
844114
848202
110095
431104
328023
562122
455116
211006
582112
733128
110061
232106
828403
824236
562138
854201
518216
825404
457900
506352
205267
847224
751030
584101
224139
753008
387310
630201
232221
518462
415502
600070
591317
573116
301414
273211
584124
523264
193123
365540
515741
578818
531113
518122
741102
627352
533235
206122
504103
854317
243301
342301
473440
431605
110093
305404
571416
380058
813204
509129
110068
488448
221007
400028
600013
841220
143001
416502
848113
732209
570009
508234
822123
321411
628716
638458
450112
391410
393001
461228
560019
481331
530049
560037
621804
505503
450445
424101
811202
815316
400017
415605
761026
761144
686508
282009
574107
628503
628007
534275
533241
641668
671310
212109
464551
121009
523333
583281
761011
841423
627357
636351
843321
761122
816101
415512
412105
423203
361280
491111
444004
466221
571602
474002
332031
229831
402110
444303
302020
560112
835234
343041
431115
283119
822111
636306
425401
425311
630606
624802
637211
845432
626204
606704
431118
212601
506365
585225
854115
604407
413525
425406
534240
754212
841401
424115
425508
627811
845414
582119
560065
212641
754103
444005
425101
456001
451228
532425
261403
416309
431105
802201
632058
443201
416119
560096
508245
445206
454449
458118
515002
444605
522658
713213
342307
342304
736169
415110
583232
249123
176320
755016
273158
212104
385330
721506
505129
206244
411028
751201
583125
505480
431804
209602
494111
224161
591112
522330
603301
416010
764004
431512
758016
502102
342311
522615
400094
743412
584135
415413
423701
229308
516218
425305
425310
425201
424206
251316
637408
636030
431709
392012
628621
473101
524240
431720
600087
732213
761055
626201
816108
209727
250222
431143
625159
577201
637102
501111
415015
416013
585227
736168
400060
691306
226104
209867
517326
389151
226029
532264
626119
626138
757042
756023
636905
283201
333026
243503
732141
342007
425504
521286
824235
742212
400602
756165
629802
627426
516257
301028
767046
781318
627113
700010
516101
826005
622515
625110
761105
506310
221011
222161
572136
584123
638500
431111
423703
577558
518134
761037
380063
624705
700084
415513
533294
361315
764020
302018
733124
324001
587203
629702
341022
176120
732202
507203
623711
431806
247551
182301
524134
604206
626149
384212
415511
759125
431710
624003
721646
229212
245027
415106
600113
752108
760004
440009
609202
483501
274408
524137
577517
583121
275190
523254
628203
761005
580025
443001
621216
626103
821311
572133
851127
444109
411043
242301
629502
586213
851111
822122
443320
274149
140307
274401
721507
516502
458883
761028
585310
416121
581112
227105
400104
523372
848210
700040
243701
535578
570023
582107
412802
835301
202132
465223
572201
767038
522256
721449
413509
232103
845415
451441
533222
754005
221008
414002
415539
483880
829107
767024
811307
110035
743438
209203
143107
283121
271303
852128
225206
182315
743245
193503
444006
225304
767025
577533
271201
733130
723129
521402
802123
523183
250004
841221
184120
424105
757074
629175
628002
811308
460440
585325
534460
431604
600052
841234
607802
209310
574265
851113
639109
521227
226014
321203
493891
636701
600055
560076
625234
502280
560021
614714
751017
577526
768113
782103
331803
221601
821102
591101
414401
457336
326513
413602
767022
532457
751026
490023
274206
454365
742224
457993
591126
302019
442201
632209
110052
769007
515504
224149
741163
852127
416506
413003
731221
781368
203412
474003
281005
847203
732127
391170
335805
591227
284203
626102
221405
577589
457339
124504
230402
226026
825167
250606
273412
577221
276001
721451
506316
852126
501643
585326
828130
829119
835229
241204
624710
515134
133001
176051
824123
621214
524308
600091
487221
506369
431506
756124
609110
781315
766104
431154
621730
455336
732210
759105
571444
456457
573144
522509
835312
825315
402016
572137
516173
208008
741181
573135
591123
515621
132107
516162
440012
415111
741202
415021
431202
518006
509202
591302
613009
396445
524401
508111
206243
625106
271205
626105
275105
571418
416116
227809
621301
627415
444803
401303
322236
229402
415501
212207
585315
770074
733202
628502
423601
770022
768204
208013
333053
311030
485778
508113
814101
201017
229201
641031
476219
805132
754130
722202
110065
281406
312207
759118
759018
712103
624616
494266
415339
841302
224176
472445
577126
343048
770011
208026
250001
516504
844125
835214
805129
835219
361003
695020
210201
637208
636813
516432
341302
781352
844506
713433
623525
504216
523131
732215
516403
431134
574106
233230
125055
431124
244235
641305
413105
425111
733145
625020
562159
713130
416407
801302
413515
831002
516126
522233
180006
600071
638056
582117
416505
231225
768109
731125
321607
212301
629177
636305
209725
517423
415107
225416
322254
413406
841406
583126
412101
845428
636013
629159
327001
332715
125001
127306
494334
766029
415507
415124
415205
221712
232310
225402
577245
721306
458778
450119
450110
600063
231204
242402
630554
273202
456313
577541
182121
841237
224158
752054
228151
274208
203135
395005
628501
671317
585287
220618
475001
620021
768221
413306
416211
415606
227408
223224
342309
415515
400076
509133
276403
783371
852210
627502
627102
416120
764056
622401
444904
415112
509337
504001
431109
628907
522410
331411
522236
587120
587206
768034
461223
474020
587117
736172
515822
274202
581108
221116
522309
444507
851213
275203
783376
851116
587116
756117
843124
754114
509128
206253
176311
180002
852220
760020
571421
415503
415505
221502
457222
571811
586123
586204
584170
600051
572227
313705
271305
758025
626129
641025
125006
285204
415003
431714
583226
443106
587121
531030
415108
721431
227815
244002
411062
722152
627813
444407
571432
613006
416418
515761
532405
431147
533343
457882
581345
621112
530041
415409
625503
416118
756123
344021
413102
521366
534230
425407
465691
612001
191111
212202
586215
332041
443101
413710
250344
400038
192221
851131
522314
560030
521241
177213
201011
606705
517113
334604
670632
524102
382425
391310
440004
843360
395017
534447
580023
682304
382418
473111
416207
146201
332710
801105
713146
384421
683104
424086
574105
212653
208016
431008
852179
509401
473332
841417
841305
531033
394190
641109
102107
363530
410201
802220
530004
508255
670521
688003
483053
673102
485115
574111
814202
844236
518598
580007
400014
682015
462016
523367
482003
203001
695581
583233
244476
302023
224157
620006
581101
110070
521002
212631
424001
411039
627151
509130
573119
755003
486335
673017
453446
143520
440010
416104
563132
576108
620019
410205
624002
380019
732101
422012
249404
516215
382044
580032
422009
524316
425420
421605
110010
670304
444203
517192
523356
224235
274402
521138
508258
844126
844124
224188
403401
464661
342015
516228
581365
415612
600037
363035
673591
670581
711102
415538
713405
825410
415412
635203
804421
431516
412669
620012
625010
824217
834012
801505
800111
670334
412219
121008
825304
492013
233304
804454
635302
521122
123505
517213
110021
413112
423109
635103
591316
466118
683577
394105
180017
580020
148101
682021
412115
515774
410222
560084
390018
641302
620017
244102
691010
531124
181123
382705
503032
690502
591238
682020
477117
387520
273153
452008
203093
244713
572216
104-8307
600010
416224
381770
209304
682309
530014
600040
173220
247664
600060
711316
521105
831008
434000
049145
NE23 8AS
141-0032
30453
17601
8200
77041
14225
1007
3300 AA
619477
33070
77270
G9A 6M1
22853
310000
K67 EW96
059413
73129
20422
20142
16531
225211
00000
608531
261768
5430
24047
29122
SW1A 2AA
567867
21107
300400
37550
61127
56765
77060
13422-190
77035
610041
223800
43123
20123
15014
63101
6200
8404
620860
999077
70518
214954
515000
339213
612203
01520-1843
33010
75373
730050
144204